SOC,NE_OCV,,PE_OCV,FC_Cap,FC_OCV
0,1.641387959,0,2.80442635,0.0000,2.8611
0.002527693324,1.544435711,0.002525936586,2.941818053,0.0040,2.9160
0.006314064202,1.382845687,0.01002598663,3.103487561,0.0081,2.9442
0.01011852695,1.277821445,0.01503020062,3.224735276,0.0121,2.9671
0.01264622028,1.180869197,0.02625017514,3.370269626,0.0162,2.9867
0.02027323766,1.027386493,0.04491501539,3.499695313,0.0202,3.0040
0.0330047482,0.833534986,0.07100214597,3.540284904,0.0242,3.0199
0.06110918297,0.7044360643,0.08466277223,3.548462877,0.0283,3.0347
0.0892265405,0.6157412723,0.09335681017,3.556605523,0.0323,3.0484
0.1122368203,0.5593344579,0.1095007306,3.564801159,0.0364,3.0614
0.1454767629,0.4868366437,0.1318553948,3.581121778,0.0404,3.0735
0.1748863972,0.4385548127,0.1554542145,3.605532054,0.0445,3.0853
0.2030296002,0.4306682799,0.1840171141,3.62189683,0.0485,3.0961
0.2350134498,0.4308890675,0.2175491104,3.646377759,0.0525,3.1063
0.2644308377,0.4068497143,0.2510811067,3.670858687,0.0566,3.1166
0.2964095182,0.39090885,0.2933046325,3.695401436,0.0606,3.1262
0.3347849686,0.3750121433,0.3342840029,3.711854527,0.0647,3.1355
0.3590901097,0.367099116,0.3678185076,3.744416282,0.0687,3.1442
0.3897920207,0.3592302461,0.4025871342,3.75274439,0.0727,3.1529
0.4345668256,0.3514585228,0.4497772484,3.777322465,0.0768,3.1609
0.4716680911,0.3517146365,0.4994531651,3.809999029,0.0808,3.1687
0.5113280645,0.3519884131,0.5391959052,3.84260494,0.0849,3.1764
0.5445912681,0.3522180322,0.5814219395,3.875228515,0.0889,3.1842
0.5778518871,0.3443668253,0.6137198138,3.92394309,0.0930,3.1910
0.614950568,0.336542113,0.6397994193,3.940290203,0.0970,3.1981
0.6558847264,0.3206630693,0.6795471761,3.989057767,0.1010,3.2049
0.7211317795,0.321113476,0.7180457607,4.013574021,0.1051,3.2114
0.7914962486,0.3215992087,0.7441303829,4.046082787,0.1091,3.2176
0.8477878238,0.3219877949,0.7813898288,4.078671035,0.1132,3.2235
0.8797716734,0.3222085825,0.8298316236,4.135581245,0.1172,3.2297
0.906638107,0.322394044,0.8670910695,4.168169494,0.1212,3.2353
0.9207110008,0.3224911906,0.9055846374,4.176524097,0.1253,3.2409
0.9488567884,0.3226854837,0.9391166337,4.201005025,0.1293,3.2462
0.973159345,0.3066916304,0.9602321592,4.225397638,0.1334,3.2517
0.9910651317,0.2906536196,0.9801110544,4.265943072,0.1374,3.2570
0.9999999331,0.2260688327,0.9999999831,4.338811809,0.1415,3.2617
,,,,0.1455,3.2663
,,,,0.1495,3.2710
,,,,0.1536,3.2756
,,,,0.1576,3.2796
,,,,0.1617,3.2840
,,,,0.1657,3.2883
,,,,0.1697,3.2921
,,,,0.1738,3.2961
,,,,0.1778,3.2995
,,,,0.1819,3.3029
,,,,0.1859,3.3066
,,,,0.1899,3.3097
,,,,0.1940,3.3131
,,,,0.1980,3.3159
,,,,0.2021,3.3184
,,,,0.2061,3.3215
,,,,0.2102,3.3240
,,,,0.2142,3.3265
,,,,0.2182,3.3289
,,,,0.2223,3.3308
,,,,0.2263,3.3330
,,,,0.2304,3.3348
,,,,0.2344,3.3370
,,,,0.2384,3.3386
,,,,0.2425,3.3404
,,,,0.2465,3.3420
,,,,0.2506,3.3435
,,,,0.2546,3.3454
,,,,0.2586,3.3469
,,,,0.2627,3.3485
,,,,0.2667,3.3500
,,,,0.2708,3.3519
,,,,0.2748,3.3534
,,,,0.2789,3.3550
,,,,0.2829,3.3562
,,,,0.2869,3.3581
,,,,0.2910,3.3599
,,,,0.2950,3.3615
,,,,0.2991,3.3630
,,,,0.3031,3.3646
,,,,0.3071,3.3661
,,,,0.3112,3.3680
,,,,0.3152,3.3696
,,,,0.3193,3.3711
,,,,0.3233,3.3727
,,,,0.3273,3.3742
,,,,0.3314,3.3761
,,,,0.3354,3.3776
,,,,0.3395,3.3792
,,,,0.3435,3.3807
,,,,0.3476,3.3820
,,,,0.3516,3.3835
,,,,0.3556,3.3851
,,,,0.3597,3.3869
,,,,0.3637,3.3885
,,,,0.3678,3.3900
,,,,0.3718,3.3913
,,,,0.3758,3.3928
,,,,0.3799,3.3947
,,,,0.3839,3.3959
,,,,0.3880,3.3975
,,,,0.3920,3.3990
,,,,0.3960,3.4002
,,,,0.4001,3.4021
,,,,0.4041,3.4037
,,,,0.4082,3.4049
,,,,0.4122,3.4061
,,,,0.4163,3.4074
,,,,0.4203,3.4086
,,,,0.4243,3.4102
,,,,0.4284,3.4114
,,,,0.4324,3.4126
,,,,0.4365,3.4136
,,,,0.4405,3.4145
,,,,0.4445,3.4154
,,,,0.4486,3.4164
,,,,0.4526,3.4176
,,,,0.4567,3.4182
,,,,0.4607,3.4192
,,,,0.4647,3.4198
,,,,0.4688,3.4207
,,,,0.4728,3.4213
,,,,0.4769,3.4219
,,,,0.4809,3.4226
,,,,0.4850,3.4232
,,,,0.4890,3.4241
,,,,0.4930,3.4247
,,,,0.4971,3.4254
,,,,0.5011,3.4263
,,,,0.5052,3.4266
,,,,0.5092,3.4275
,,,,0.5132,3.4281
,,,,0.5173,3.4285
,,,,0.5213,3.4291
,,,,0.5254,3.4297
,,,,0.5294,3.4303
,,,,0.5334,3.4309
,,,,0.5375,3.4316
,,,,0.5415,3.4322
,,,,0.5456,3.4328
,,,,0.5496,3.4337
,,,,0.5537,3.4343
,,,,0.5577,3.4350
,,,,0.5617,3.4356
,,,,0.5658,3.4362
,,,,0.5698,3.4368
,,,,0.5739,3.4375
,,,,0.5779,3.4381
,,,,0.5819,3.4387
,,,,0.5860,3.4393
,,,,0.5900,3.4399
,,,,0.5941,3.4406
,,,,0.5981,3.4415
,,,,0.6022,3.4421
,,,,0.6062,3.4427
,,,,0.6102,3.4433
,,,,0.6143,3.4440
,,,,0.6183,3.4446
,,,,0.6224,3.4452
,,,,0.6264,3.4458
,,,,0.6304,3.4464
,,,,0.6345,3.4471
,,,,0.6385,3.4477
,,,,0.6426,3.4483
,,,,0.6466,3.4492
,,,,0.6506,3.4499
,,,,0.6547,3.4505
,,,,0.6587,3.4511
,,,,0.6628,3.4517
,,,,0.6668,3.4526
,,,,0.6709,3.4533
,,,,0.6749,3.4539
,,,,0.6789,3.4545
,,,,0.6830,3.4554
,,,,0.6870,3.4561
,,,,0.6911,3.4567
,,,,0.6951,3.4576
,,,,0.6991,3.4585
,,,,0.7032,3.4592
,,,,0.7072,3.4598
,,,,0.7113,3.4604
,,,,0.7153,3.4613
,,,,0.7193,3.4619
,,,,0.7234,3.4629
,,,,0.7274,3.4635
,,,,0.7315,3.4644
,,,,0.7355,3.4654
,,,,0.7396,3.4663
,,,,0.7436,3.4669
,,,,0.7476,3.4678
,,,,0.7517,3.4685
,,,,0.7557,3.4694
,,,,0.7598,3.4703
,,,,0.7638,3.4712
,,,,0.7678,3.4722
,,,,0.7719,3.4731
,,,,0.7759,3.4740
,,,,0.7800,3.4750
,,,,0.7840,3.4759
,,,,0.7880,3.4768
,,,,0.7921,3.4778
,,,,0.7961,3.4787
,,,,0.8002,3.4796
,,,,0.8042,3.4802
,,,,0.8083,3.4818
,,,,0.8123,3.4827
,,,,0.8163,3.4836
,,,,0.8204,3.4846
,,,,0.8244,3.4855
,,,,0.8285,3.4867
,,,,0.8325,3.4874
,,,,0.8365,3.4889
,,,,0.8406,3.4898
,,,,0.8446,3.4908
,,,,0.8487,3.4917
,,,,0.8527,3.4929
,,,,0.8567,3.4939
,,,,0.8608,3.4948
,,,,0.8648,3.4957
,,,,0.8689,3.4973
,,,,0.8729,3.4982
,,,,0.8770,3.4991
,,,,0.8810,3.5001
,,,,0.8850,3.5013
,,,,0.8891,3.5022
,,,,0.8931,3.5032
,,,,0.8972,3.5047
,,,,0.9012,3.5057
,,,,0.9052,3.5066
,,,,0.9093,3.5075
,,,,0.9133,3.5084
,,,,0.9174,3.5094
,,,,0.9214,3.5106
,,,,0.9254,3.5115
,,,,0.9295,3.5128
,,,,0.9335,3.5137
,,,,0.9376,3.5146
,,,,0.9416,3.5159
,,,,0.9457,3.5168
,,,,0.9497,3.5177
,,,,0.9537,3.5187
,,,,0.9578,3.5196
,,,,0.9618,3.5208
,,,,0.9659,3.5218
,,,,0.9699,3.5227
,,,,0.9739,3.5236
,,,,0.9780,3.5246
,,,,0.9820,3.5255
,,,,0.9861,3.5264
,,,,0.9901,3.5274
,,,,0.9941,3.5286
,,,,0.9982,3.5295
,,,,1.0022,3.5305
,,,,1.0063,3.5314
,,,,1.0103,3.5326
,,,,1.0144,3.5336
,,,,1.0184,3.5342
,,,,1.0224,3.5354
,,,,1.0265,3.5363
,,,,1.0305,3.5373
,,,,1.0346,3.5382
,,,,1.0386,3.5391
,,,,1.0426,3.5401
,,,,1.0467,3.5410
,,,,1.0507,3.5419
,,,,1.0548,3.5429
,,,,1.0588,3.5441
,,,,1.0628,3.5447
,,,,1.0669,3.5456
,,,,1.0709,3.5466
,,,,1.0750,3.5475
,,,,1.0790,3.5481
,,,,1.0831,3.5491
,,,,1.0871,3.5500
,,,,1.0911,3.5506
,,,,1.0952,3.5515
,,,,1.0992,3.5528
,,,,1.1033,3.5534
,,,,1.1073,3.5543
,,,,1.1113,3.5553
,,,,1.1154,3.5559
,,,,1.1194,3.5568
,,,,1.1235,3.5577
,,,,1.1275,3.5587
,,,,1.1315,3.5593
,,,,1.1356,3.5605
,,,,1.1396,3.5611
,,,,1.1437,3.5621
,,,,1.1477,3.5627
,,,,1.1518,3.5636
,,,,1.1558,3.5646
,,,,1.1598,3.5655
,,,,1.1639,3.5661
,,,,1.1679,3.5670
,,,,1.1720,3.5683
,,,,1.1760,3.5689
,,,,1.1800,3.5698
,,,,1.1841,3.5708
,,,,1.1881,3.5714
,,,,1.1922,3.5723
,,,,1.1962,3.5729
,,,,1.2002,3.5739
,,,,1.2043,3.5748
,,,,1.2083,3.5754
,,,,1.2124,3.5766
,,,,1.2164,3.5776
,,,,1.2205,3.5782
,,,,1.2245,3.5791
,,,,1.2285,3.5797
,,,,1.2326,3.5807
,,,,1.2366,3.5816
,,,,1.2407,3.5822
,,,,1.2447,3.5832
,,,,1.2487,3.5841
,,,,1.2528,3.5850
,,,,1.2568,3.5856
,,,,1.2609,3.5863
,,,,1.2649,3.5872
,,,,1.2689,3.5878
,,,,1.2730,3.5884
,,,,1.2770,3.5894
,,,,1.2811,3.5900
,,,,1.2851,3.5906
,,,,1.2892,3.5912
,,,,1.2932,3.5921
,,,,1.2972,3.5928
,,,,1.3013,3.5934
,,,,1.3053,3.5940
,,,,1.3094,3.5946
,,,,1.3134,3.5953
,,,,1.3174,3.5959
,,,,1.3215,3.5965
,,,,1.3255,3.5971
,,,,1.3296,3.5977
,,,,1.3336,3.5984
,,,,1.3376,3.5990
,,,,1.3417,3.5996
,,,,1.3457,3.6002
,,,,1.3498,3.6008
,,,,1.3538,3.6015
,,,,1.3579,3.6018
,,,,1.3619,3.6024
,,,,1.3659,3.6030
,,,,1.3700,3.6036
,,,,1.3740,3.6039
,,,,1.3781,3.6046
,,,,1.3821,3.6052
,,,,1.3861,3.6055
,,,,1.3902,3.6061
,,,,1.3942,3.6067
,,,,1.3983,3.6070
,,,,1.4023,3.6080
,,,,1.4063,3.6083
,,,,1.4104,3.6089
,,,,1.4144,3.6092
,,,,1.4185,3.6098
,,,,1.4225,3.6104
,,,,1.4266,3.6108
,,,,1.4306,3.6111
,,,,1.4346,3.6117
,,,,1.4387,3.6120
,,,,1.4427,3.6126
,,,,1.4468,3.6132
,,,,1.4508,3.6135
,,,,1.4548,3.6142
,,,,1.4589,3.6145
,,,,1.4629,3.6148
,,,,1.4670,3.6157
,,,,1.4710,3.6160
,,,,1.4750,3.6163
,,,,1.4791,3.6170
,,,,1.4831,3.6173
,,,,1.4872,3.6179
,,,,1.4912,3.6185
,,,,1.4953,3.6188
,,,,1.4993,3.6191
,,,,1.5033,3.6194
,,,,1.5074,3.6201
,,,,1.5114,3.6204
,,,,1.5155,3.6207
,,,,1.5195,3.6213
,,,,1.5235,3.6216
,,,,1.5276,3.6222
,,,,1.5316,3.6225
,,,,1.5357,3.6228
,,,,1.5397,3.6238
,,,,1.5437,3.6241
,,,,1.5478,3.6244
,,,,1.5518,3.6250
,,,,1.5559,3.6253
,,,,1.5599,3.6256
,,,,1.5640,3.6263
,,,,1.5680,3.6266
,,,,1.5720,3.6269
,,,,1.5761,3.6275
,,,,1.5801,3.6278
,,,,1.5842,3.6281
,,,,1.5882,3.6287
,,,,1.5922,3.6290
,,,,1.5963,3.6294
,,,,1.6003,3.6300
,,,,1.6044,3.6303
,,,,1.6084,3.6306
,,,,1.6124,3.6315
,,,,1.6165,3.6318
,,,,1.6205,3.6321
,,,,1.6246,3.6328
,,,,1.6286,3.6331
,,,,1.6327,3.6334
,,,,1.6367,3.6340
,,,,1.6407,3.6343
,,,,1.6448,3.6346
,,,,1.6488,3.6349
,,,,1.6529,3.6356
,,,,1.6569,3.6359
,,,,1.6609,3.6365
,,,,1.6650,3.6368
,,,,1.6690,3.6371
,,,,1.6731,3.6377
,,,,1.6771,3.6380
,,,,1.6811,3.6383
,,,,1.6852,3.6393
,,,,1.6892,3.6396
,,,,1.6933,3.6399
,,,,1.6973,3.6402
,,,,1.7014,3.6405
,,,,1.7054,3.6411
,,,,1.7094,3.6414
,,,,1.7135,3.6418
,,,,1.7175,3.6424
,,,,1.7216,3.6427
,,,,1.7256,3.6433
,,,,1.7296,3.6436
,,,,1.7337,3.6439
,,,,1.7377,3.6445
,,,,1.7418,3.6449
,,,,1.7458,3.6452
,,,,1.7498,3.6455
,,,,1.7539,3.6461
,,,,1.7579,3.6464
,,,,1.7620,3.6473
,,,,1.7660,3.6476
,,,,1.7701,3.6480
,,,,1.7741,3.6483
,,,,1.7781,3.6489
,,,,1.7822,3.6492
,,,,1.7862,3.6495
,,,,1.7903,3.6501
,,,,1.7943,3.6504
,,,,1.7983,3.6511
,,,,1.8024,3.6514
,,,,1.8064,3.6517
,,,,1.8105,3.6523
,,,,1.8145,3.6526
,,,,1.8185,3.6529
,,,,1.8226,3.6535
,,,,1.8266,3.6538
,,,,1.8307,3.6542
,,,,1.8347,3.6551
,,,,1.8388,3.6554
,,,,1.8428,3.6557
,,,,1.8468,3.6563
,,,,1.8509,3.6566
,,,,1.8549,3.6573
,,,,1.8590,3.6576
,,,,1.8630,3.6579
,,,,1.8670,3.6585
,,,,1.8711,3.6588
,,,,1.8751,3.6594
,,,,1.8792,3.6597
,,,,1.8832,3.6600
,,,,1.8873,3.6607
,,,,1.8913,3.6610
,,,,1.8953,3.6613
,,,,1.8994,3.6619
,,,,1.9034,3.6628
,,,,1.9075,3.6631
,,,,1.9115,3.6635
,,,,1.9155,3.6641
,,,,1.9196,3.6644
,,,,1.9236,3.6650
,,,,1.9277,3.6653
,,,,1.9317,3.6656
,,,,1.9357,3.6662
,,,,1.9398,3.6666
,,,,1.9438,3.6672
,,,,1.9479,3.6675
,,,,1.9519,3.6681
,,,,1.9560,3.6684
,,,,1.9600,3.6690
,,,,1.9640,3.6693
,,,,1.9681,3.6697
,,,,1.9721,3.6703
,,,,1.9762,3.6709
,,,,1.9802,3.6715
,,,,1.9842,3.6718
,,,,1.9883,3.6724
,,,,1.9923,3.6728
,,,,1.9964,3.6734
,,,,2.0004,3.6737
,,,,2.0044,3.6740
,,,,2.0084,3.6746
,,,,2.0124,3.6749
,,,,2.0164,3.6755
,,,,2.0205,3.6762
,,,,2.0245,3.6765
,,,,2.0285,3.6768
,,,,2.0325,3.6774
,,,,2.0365,3.6780
,,,,2.0405,3.6786
,,,,2.0445,3.6793
,,,,2.0485,3.6796
,,,,2.0525,3.6802
,,,,2.0565,3.6805
,,,,2.0606,3.6811
,,,,2.0646,3.6817
,,,,2.0686,3.6821
,,,,2.0726,3.6827
,,,,2.0766,3.6830
,,,,2.0806,3.6836
,,,,2.0846,3.6839
,,,,2.0886,3.6845
,,,,2.0926,3.6852
,,,,2.0966,3.6855
,,,,2.1006,3.6861
,,,,2.1047,3.6867
,,,,2.1087,3.6873
,,,,2.1127,3.6879
,,,,2.1167,3.6883
,,,,2.1207,3.6889
,,,,2.1247,3.6895
,,,,2.1287,3.6898
,,,,2.1327,3.6904
,,,,2.1367,3.6910
,,,,2.1408,3.6917
,,,,2.1448,3.6920
,,,,2.1488,3.6923
,,,,2.1528,3.6929
,,,,2.1568,3.6935
,,,,2.1608,3.6941
,,,,2.1648,3.6948
,,,,2.1688,3.6954
,,,,2.1728,3.6960
,,,,2.1768,3.6966
,,,,2.1808,3.6969
,,,,2.1849,3.6976
,,,,2.1889,3.6982
,,,,2.1929,3.6988
,,,,2.1969,3.6994
,,,,2.2009,3.6997
,,,,2.2049,3.7003
,,,,2.2089,3.7010
,,,,2.2129,3.7016
,,,,2.2169,3.7025
,,,,2.2209,3.7028
,,,,2.2249,3.7034
,,,,2.2289,3.7041
,,,,2.2330,3.7047
,,,,2.2370,3.7053
,,,,2.2410,3.7059
,,,,2.2450,3.7065
,,,,2.2490,3.7072
,,,,2.2530,3.7078
,,,,2.2570,3.7081
,,,,2.2610,3.7087
,,,,2.2650,3.7093
,,,,2.2691,3.7100
,,,,2.2731,3.7109
,,,,2.2771,3.7115
,,,,2.2811,3.7121
,,,,2.2851,3.7127
,,,,2.2891,3.7134
,,,,2.2931,3.7140
,,,,2.2971,3.7146
,,,,2.3011,3.7152
,,,,2.3051,3.7158
,,,,2.3092,3.7165
,,,,2.3132,3.7171
,,,,2.3172,3.7177
,,,,2.3212,3.7186
,,,,2.3252,3.7193
,,,,2.3292,3.7199
,,,,2.3332,3.7205
,,,,2.3372,3.7214
,,,,2.3412,3.7220
,,,,2.3452,3.7227
,,,,2.3492,3.7233
,,,,2.3533,3.7239
,,,,2.3573,3.7245
,,,,2.3613,3.7251
,,,,2.3653,3.7264
,,,,2.3693,3.7270
,,,,2.3733,3.7276
,,,,2.3773,3.7282
,,,,2.3813,3.7289
,,,,2.3854,3.7298
,,,,2.3894,3.7304
,,,,2.3934,3.7310
,,,,2.3974,3.7320
,,,,2.4014,3.7326
,,,,2.4054,3.7332
,,,,2.4094,3.7341
,,,,2.4135,3.7351
,,,,2.4175,3.7357
,,,,2.4215,3.7363
,,,,2.4255,3.7372
,,,,2.4295,3.7379
,,,,2.4335,3.7388
,,,,2.4375,3.7394
,,,,2.4415,3.7400
,,,,2.4455,3.7410
,,,,2.4496,3.7416
,,,,2.4536,3.7428
,,,,2.4576,3.7434
,,,,2.4616,3.7441
,,,,2.4656,3.7450
,,,,2.4696,3.7456
,,,,2.4736,3.7465
,,,,2.4776,3.7472
,,,,2.4817,3.7478
,,,,2.4857,3.7487
,,,,2.4897,3.7500
,,,,2.4937,3.7506
,,,,2.4977,3.7515
,,,,2.5017,3.7521
,,,,2.5057,3.7531
,,,,2.5097,3.7537
,,,,2.5137,3.7546
,,,,2.5178,3.7552
,,,,2.5218,3.7562
,,,,2.5258,3.7568
,,,,2.5298,3.7580
,,,,2.5338,3.7589
,,,,2.5378,3.7596
,,,,2.5418,3.7605
,,,,2.5458,3.7614
,,,,2.5499,3.7620
,,,,2.5539,3.7630
,,,,2.5579,3.7639
,,,,2.5619,3.7645
,,,,2.5659,3.7658
,,,,2.5699,3.7667
,,,,2.5739,3.7676
,,,,2.5779,3.7682
,,,,2.5819,3.7692
,,,,2.5859,3.7701
,,,,2.5900,3.7710
,,,,2.5940,3.7717
,,,,2.5980,3.7726
,,,,2.6020,3.7738
,,,,2.6060,3.7744
,,,,2.6100,3.7754
,,,,2.6140,3.7763
,,,,2.6180,3.7772
,,,,2.6220,3.7782
,,,,2.6260,3.7791
,,,,2.6301,3.7797
,,,,2.6341,3.7806
,,,,2.6381,3.7819
,,,,2.6421,3.7828
,,,,2.6461,3.7837
,,,,2.6501,3.7847
,,,,2.6541,3.7856
,,,,2.6581,3.7862
,,,,2.6621,3.7875
,,,,2.6661,3.7884
,,,,2.6701,3.7896
,,,,2.6742,3.7903
,,,,2.6782,3.7912
,,,,2.6822,3.7924
,,,,2.6862,3.7934
,,,,2.6902,3.7943
,,,,2.6942,3.7952
,,,,2.6982,3.7961
,,,,2.7022,3.7971
,,,,2.7062,3.7983
,,,,2.7102,3.7996
,,,,2.7142,3.8002
,,,,2.7183,3.8014
,,,,2.7223,3.8023
,,,,2.7263,3.8033
,,,,2.7303,3.8042
,,,,2.7343,3.8058
,,,,2.7383,3.8067
,,,,2.7423,3.8079
,,,,2.7463,3.8089
,,,,2.7503,3.8098
,,,,2.7544,3.8110
,,,,2.7584,3.8120
,,,,2.7624,3.8135
,,,,2.7664,3.8147
,,,,2.7704,3.8157
,,,,2.7744,3.8169
,,,,2.7784,3.8178
,,,,2.7824,3.8191
,,,,2.7864,3.8203
,,,,2.7904,3.8216
,,,,2.7944,3.8228
,,,,2.7985,3.8237
,,,,2.8025,3.8250
,,,,2.8065,3.8259
,,,,2.8105,3.8271
,,,,2.8145,3.8281
,,,,2.8185,3.8296
,,,,2.8225,3.8306
,,,,2.8265,3.8318
,,,,2.8305,3.8324
,,,,2.8345,3.8337
,,,,2.8385,3.8346
,,,,2.8426,3.8358
,,,,2.8466,3.8371
,,,,2.8506,3.8380
,,,,2.8546,3.8389
,,,,2.8586,3.8399
,,,,2.8626,3.8408
,,,,2.8666,3.8417
,,,,2.8706,3.8426
,,,,2.8746,3.8436
,,,,2.8786,3.8445
,,,,2.8826,3.8457
,,,,2.8867,3.8464
,,,,2.8907,3.8473
,,,,2.8947,3.8482
,,,,2.8987,3.8492
,,,,2.9027,3.8498
,,,,2.9067,3.8507
,,,,2.9107,3.8516
,,,,2.9147,3.8523
,,,,2.9187,3.8535
,,,,2.9227,3.8544
,,,,2.9268,3.8554
,,,,2.9308,3.8560
,,,,2.9348,3.8569
,,,,2.9388,3.8578
,,,,2.9428,3.8585
,,,,2.9468,3.8594
,,,,2.9508,3.8600
,,,,2.9548,3.8612
,,,,2.9588,3.8619
,,,,2.9628,3.8628
,,,,2.9668,3.8634
,,,,2.9709,3.8643
,,,,2.9749,3.8650
,,,,2.9789,3.8659
,,,,2.9829,3.8668
,,,,2.9869,3.8674
,,,,2.9909,3.8681
,,,,2.9949,3.8693
,,,,2.9989,3.8699
,,,,3.0029,3.8709
,,,,3.0069,3.8715
,,,,3.0110,3.8721
,,,,3.0150,3.8730
,,,,3.0190,3.8736
,,,,3.0230,3.8746
,,,,3.0270,3.8752
,,,,3.0310,3.8761
,,,,3.0350,3.8771
,,,,3.0390,3.8777
,,,,3.0430,3.8783
,,,,3.0470,3.8792
,,,,3.0510,3.8798
,,,,3.0550,3.8808
,,,,3.0591,3.8814
,,,,3.0631,3.8820
,,,,3.0671,3.8829
,,,,3.0711,3.8836
,,,,3.0751,3.8845
,,,,3.0791,3.8854
,,,,3.0831,3.8860
,,,,3.0871,3.8867
,,,,3.0911,3.8873
,,,,3.0951,3.8879
,,,,3.0991,3.8888
,,,,3.1031,3.8895
,,,,3.1072,3.8901
,,,,3.1112,3.8910
,,,,3.1152,3.8916
,,,,3.1192,3.8926
,,,,3.1232,3.8932
,,,,3.1272,3.8941
,,,,3.1312,3.8947
,,,,3.1352,3.8953
,,,,3.1392,3.8960
,,,,3.1432,3.8969
,,,,3.1472,3.8975
,,,,3.1512,3.8981
,,,,3.1553,3.8988
,,,,3.1593,3.8994
,,,,3.1633,3.9000
,,,,3.1673,3.9012
,,,,3.1713,3.9015
,,,,3.1753,3.9025
,,,,3.1793,3.9031
,,,,3.1833,3.9037
,,,,3.1873,3.9043
,,,,3.1913,3.9050
,,,,3.1953,3.9056
,,,,3.1994,3.9065
,,,,3.2034,3.9071
,,,,3.2074,3.9078
,,,,3.2114,3.9087
,,,,3.2154,3.9093
,,,,3.2194,3.9099
,,,,3.2234,3.9105
,,,,3.2274,3.9112
,,,,3.2314,3.9121
,,,,3.2354,3.9127
,,,,3.2394,3.9133
,,,,3.2435,3.9140
,,,,3.2475,3.9146
,,,,3.2515,3.9152
,,,,3.2555,3.9158
,,,,3.2595,3.9167
,,,,3.2635,3.9174
,,,,3.2675,3.9180
,,,,3.2715,3.9186
,,,,3.2755,3.9195
,,,,3.2795,3.9202
,,,,3.2835,3.9208
,,,,3.2875,3.9214
,,,,3.2916,3.9220
,,,,3.2956,3.9226
,,,,3.2996,3.9233
,,,,3.3036,3.9239
,,,,3.3076,3.9248
,,,,3.3116,3.9254
,,,,3.3156,3.9260
,,,,3.3196,3.9267
,,,,3.3236,3.9273
,,,,3.3276,3.9279
,,,,3.3316,3.9288
,,,,3.3357,3.9295
,,,,3.3397,3.9301
,,,,3.3437,3.9304
,,,,3.3477,3.9313
,,,,3.3517,3.9322
,,,,3.3557,3.9326
,,,,3.3597,3.9335
,,,,3.3637,3.9341
,,,,3.3677,3.9347
,,,,3.3717,3.9353
,,,,3.3757,3.9360
,,,,3.3797,3.9366
,,,,3.3838,3.9372
,,,,3.3878,3.9378
,,,,3.3918,3.9384
,,,,3.3958,3.9391
,,,,3.3998,3.9400
,,,,3.4038,3.9406
,,,,3.4078,3.9415
,,,,3.4118,3.9419
,,,,3.4158,3.9425
,,,,3.4198,3.9431
,,,,3.4238,3.9440
,,,,3.4278,3.9446
,,,,3.4318,3.9453
,,,,3.4359,3.9459
,,,,3.4399,3.9465
,,,,3.4439,3.9471
,,,,3.4479,3.9481
,,,,3.4519,3.9487
,,,,3.4559,3.9493
,,,,3.4599,3.9502
,,,,3.4639,3.9508
,,,,3.4679,3.9515
,,,,3.4719,3.9521
,,,,3.4759,3.9527
,,,,3.4800,3.9533
,,,,3.4840,3.9539
,,,,3.4880,3.9549
,,,,3.4920,3.9558
,,,,3.4960,3.9564
,,,,3.5000,3.9570
,,,,3.5040,3.9577
,,,,3.5080,3.9586
,,,,3.5120,3.9592
,,,,3.5160,3.9598
,,,,3.5200,3.9605
,,,,3.5240,3.9614
,,,,3.5281,3.9617
,,,,3.5321,3.9626
,,,,3.5361,3.9632
,,,,3.5401,3.9642
,,,,3.5441,3.9648
,,,,3.5481,3.9657
,,,,3.5521,3.9663
,,,,3.5561,3.9670
,,,,3.5601,3.9679
,,,,3.5641,3.9685
,,,,3.5681,3.9691
,,,,3.5722,3.9698
,,,,3.5762,3.9707
,,,,3.5802,3.9716
,,,,3.5842,3.9722
,,,,3.5882,3.9732
,,,,3.5922,3.9738
,,,,3.5962,3.9744
,,,,3.6002,3.9753
,,,,3.6042,3.9760
,,,,3.6082,3.9769
,,,,3.6122,3.9775
,,,,3.6162,3.9784
,,,,3.6203,3.9791
,,,,3.6243,3.9800
,,,,3.6283,3.9809
,,,,3.6323,3.9815
,,,,3.6363,3.9825
,,,,3.6403,3.9831
,,,,3.6443,3.9840
,,,,3.6483,3.9846
,,,,3.6523,3.9856
,,,,3.6563,3.9862
,,,,3.6603,3.9874
,,,,3.6643,3.9884
,,,,3.6684,3.9890
,,,,3.6724,3.9896
,,,,3.6764,3.9905
,,,,3.6804,3.9915
,,,,3.6844,3.9921
,,,,3.6884,3.9930
,,,,3.6924,3.9939
,,,,3.6964,3.9946
,,,,3.7004,3.9958
,,,,3.7044,3.9964
,,,,3.7084,3.9973
,,,,3.7124,3.9983
,,,,3.7165,3.9989
,,,,3.7205,4.0001
,,,,3.7245,4.0008
,,,,3.7285,4.0017
,,,,3.7325,4.0023
,,,,3.7365,4.0035
,,,,3.7405,4.0045
,,,,3.7445,4.0051
,,,,3.7485,4.0060
,,,,3.7525,4.0070
,,,,3.7565,4.0076
,,,,3.7605,4.0088
,,,,3.7645,4.0094
,,,,3.7686,4.0104
,,,,3.7726,4.0116
,,,,3.7766,4.0125
,,,,3.7806,4.0135
,,,,3.7846,4.0144
,,,,3.7886,4.0150
,,,,3.7926,4.0159
,,,,3.7966,4.0169
,,,,3.8006,4.0178
,,,,3.8046,4.0187
,,,,3.8086,4.0197
,,,,3.8126,4.0206
,,,,3.8166,4.0215
,,,,3.8206,4.0225
,,,,3.8247,4.0234
,,,,3.8287,4.0243
,,,,3.8327,4.0252
,,,,3.8367,4.0262
,,,,3.8407,4.0274
,,,,3.8447,4.0283
,,,,3.8487,4.0290
,,,,3.8527,4.0299
,,,,3.8567,4.0308
,,,,3.8607,4.0318
,,,,3.8647,4.0327
,,,,3.8688,4.0336
,,,,3.8728,4.0345
,,,,3.8768,4.0358
,,,,3.8808,4.0367
,,,,3.8848,4.0376
,,,,3.8888,4.0386
,,,,3.8928,4.0392
,,,,3.8968,4.0404
,,,,3.9008,4.0411
,,,,3.9048,4.0423
,,,,3.9088,4.0432
,,,,3.9128,4.0442
,,,,3.9168,4.0451
,,,,3.9209,4.0460
,,,,3.9249,4.0469
,,,,3.9289,4.0479
,,,,3.9329,4.0488
,,,,3.9369,4.0497
,,,,3.9409,4.0510
,,,,3.9449,4.0519
,,,,3.9489,4.0528
,,,,3.9529,4.0535
,,,,3.9569,4.0544
,,,,3.9609,4.0553
,,,,3.9649,4.0562
,,,,3.9690,4.0572
,,,,3.9730,4.0581
,,,,3.9770,4.0593
,,,,3.9810,4.0603
,,,,3.9850,4.0612
,,,,3.9890,4.0618
,,,,3.9930,4.0628
,,,,3.9970,4.0637
,,,,4.0010,4.0646
,,,,4.0050,4.0656
,,,,4.0090,4.0668
,,,,4.0130,4.0674
,,,,4.0170,4.0683
,,,,4.0211,4.0693
,,,,4.0251,4.0702
,,,,4.0291,4.0708
,,,,4.0331,4.0718
,,,,4.0371,4.0727
,,,,4.0411,4.0736
,,,,4.0451,4.0745
,,,,4.0491,4.0755
,,,,4.0531,4.0764
,,,,4.0571,4.0773
,,,,4.0611,4.0780
,,,,4.0651,4.0789
,,,,4.0691,4.0795
,,,,4.0731,4.0804
,,,,4.0771,4.0811
,,,,4.0811,4.0820
,,,,4.0851,4.0832
,,,,4.0891,4.0842
,,,,4.0932,4.0848
,,,,4.0972,4.0857
,,,,4.1012,4.0863
,,,,4.1052,4.0873
,,,,4.1092,4.0879
,,,,4.1132,4.0885
,,,,4.1172,4.0894
,,,,4.1212,4.0904
,,,,4.1252,4.0910
,,,,4.1292,4.0919
,,,,4.1332,4.0925
,,,,4.1372,4.0935
,,,,4.1412,4.0941
,,,,4.1452,4.0947
,,,,4.1492,4.0956
,,,,4.1532,4.0962
,,,,4.1572,4.0969
,,,,4.1612,4.0975
,,,,4.1652,4.0984
,,,,4.1693,4.0990
,,,,4.1733,4.0997
,,,,4.1773,4.1003
,,,,4.1813,4.1009
,,,,4.1853,4.1015
,,,,4.1893,4.1021
,,,,4.1933,4.1028
,,,,4.1973,4.1034
,,,,4.2013,4.1040
,,,,4.2053,4.1046
,,,,4.2093,4.1052
,,,,4.2133,4.1059
,,,,4.2173,4.1065
,,,,4.2213,4.1071
,,,,4.2253,4.1077
,,,,4.2293,4.1080
,,,,4.2333,4.1086
,,,,4.2373,4.1090
,,,,4.2414,4.1096
,,,,4.2454,4.1099
,,,,4.2494,4.1105
,,,,4.2534,4.1111
,,,,4.2574,4.1114
,,,,4.2614,4.1117
,,,,4.2654,4.1121
,,,,4.2694,4.1127
,,,,4.2734,4.1130
,,,,4.2774,4.1133
,,,,4.2814,4.1142
,,,,4.2854,4.1145
,,,,4.2894,4.1148
,,,,4.2934,4.1152
,,,,4.2974,4.1155
,,,,4.3014,4.1158
,,,,4.3054,4.1164
,,,,4.3094,4.1167
,,,,4.3134,4.1170
,,,,4.3175,4.1173
,,,,4.3215,4.1176
,,,,4.3255,4.1179
,,,,4.3295,4.1183
,,,,4.3335,4.1186
,,,,4.3375,4.1189
,,,,4.3415,4.1192
,,,,4.3455,4.1195
,,,,4.3495,4.1198
,,,,4.3535,4.1201
,,,,4.3575,4.1204
,,,,4.3615,4.1207
,,,,4.3655,4.1207
,,,,4.3695,4.1210
,,,,4.3735,4.1217
,,,,4.3775,4.1223
,,,,4.3815,4.1226
,,,,4.3855,4.1229
,,,,4.3896,4.1229
,,,,4.3936,4.1232
,,,,4.3976,4.1235
,,,,4.4016,4.1238
,,,,4.4056,4.1241
,,,,4.4096,4.1245
,,,,4.4136,4.1248
,,,,4.4176,4.1251
,,,,4.4216,4.1254
,,,,4.4256,4.1257
,,,,4.4296,4.1260
,,,,4.4336,4.1263
,,,,4.4376,4.1266
,,,,4.4416,4.1269
,,,,4.4456,4.1272
,,,,4.4496,4.1276
,,,,4.4536,4.1279
,,,,4.4576,4.1282
,,,,4.4617,4.1285
,,,,4.4657,4.1288
,,,,4.4697,4.1291
,,,,4.4737,4.1294
,,,,4.4777,4.1300
,,,,4.4817,4.1303
,,,,4.4857,4.1307
,,,,4.4897,4.1310
,,,,4.4937,4.1316
,,,,4.4977,4.1319
,,,,4.5017,4.1322
,,,,4.5057,4.1325
,,,,4.5097,4.1328
,,,,4.5137,4.1331
,,,,4.5177,4.1334
,,,,4.5217,4.1341
,,,,4.5257,4.1344
,,,,4.5297,4.1347
,,,,4.5337,4.1350
,,,,4.5378,4.1353
,,,,4.5418,4.1359
,,,,4.5458,4.1362
,,,,4.5498,4.1365
,,,,4.5538,4.1372
,,,,4.5578,4.1375
,,,,4.5618,4.1381
,,,,4.5658,4.1387
,,,,4.5698,4.1390
,,,,4.5738,4.1393
,,,,4.5778,4.1400
,,,,4.5818,4.1403
,,,,4.5858,4.1409
,,,,4.5898,4.1412
,,,,4.5938,4.1418
,,,,4.5978,4.1421
,,,,4.6018,4.1427
,,,,4.6058,4.1431
,,,,4.6099,4.1437
,,,,4.6139,4.1443
,,,,4.6179,4.1446
,,,,4.6219,4.1452
,,,,4.6259,4.1458
,,,,4.6299,4.1465
,,,,4.6339,4.1471
,,,,4.6379,4.1477
,,,,4.6419,4.1483
,,,,4.6459,4.1486
,,,,4.6499,4.1496
,,,,4.6539,4.1499
,,,,4.6579,4.1508
,,,,4.6619,4.1511
,,,,4.6659,4.1517
,,,,4.6699,4.1527
,,,,4.6739,4.1533
,,,,4.6779,4.1542
,,,,4.6819,4.1548
,,,,4.6860,4.1555
,,,,4.6900,4.1561
,,,,4.6940,4.1570
,,,,4.6980,4.1576
,,,,4.7020,4.1582
,,,,4.7060,4.1592
,,,,4.7100,4.1601
,,,,4.7140,4.1607
,,,,4.7180,4.1620
,,,,4.7220,4.1626
,,,,4.7260,4.1635
,,,,4.7300,4.1644
,,,,4.7340,4.1654
,,,,4.7380,4.1663
,,,,4.7420,4.1672
,,,,4.7460,4.1679
,,,,4.7500,4.1691
,,,,4.7540,4.1703
,,,,4.7581,4.1713
,,,,4.7621,4.1722
,,,,4.7661,4.1731
,,,,4.7701,4.1744
,,,,4.7741,4.1756
,,,,4.7781,4.1765
,,,,4.7821,4.1781
,,,,4.7861,4.1793
,,,,4.7901,4.1803
,,,,4.7941,4.1815
,,,,4.7981,4.1827
,,,,4.8021,4.1840
,,,,4.8061,4.1855
,,,,4.8101,4.1868
,,,,4.8141,4.1880
,,,,4.8181,4.1896
,,,,4.8221,4.1908
,,,,4.8261,4.1923